start=679.423000
speed=0.135131
volume=98.000000
panscan=1.000000
