start=124.723000
speed=0.092296
edition=0
volume=104.000000
saturation=11
panscan=1.000000
