start=35.583000
speed=0.052099
