start=72.250000
speed=0.148644
edition=0
volume=74.000000
panscan=0.100000
