start=1.833333
speed=0.010000
edition=0
volume=0.000000
panscan=0.100000
